4.896907806396484375e-01
5.050315856933593750e-01
5.123081207275390625e-01
2.228981852531433105e-01
4.971199035644531250e-01
4.995727539062500000e-01
4.717845916748046875e-01
5.086496472358703613e-03
2.437135577201843262e-01
3.054230213165283203e-01
3.479437828063964844e-01
3.881592750549316406e-01
1.116946153342723846e-02
4.355731010437011719e-01
4.258894920349121094e-01
4.325013160705566406e-01
2.101023122668266296e-02
4.564919471740722656e-01
4.606208801269531250e-01
4.760847091674804688e-01
3.461502492427825928e-02
4.695186614990234375e-01
5.111141204833984375e-01
5.297508239746093750e-01
5.603659152984619141e-02
5.107135772705078125e-01
5.153369903564453125e-01
4.988307952880859375e-01
4.345682100392878056e-04
7.353574037551879883e-02
5.270442962646484375e-01
5.216808319091796875e-01
5.174522399902343750e-01
5.206909179687500000e-01
9.098355472087860107e-02
4.992790222167968750e-01
5.202426910400390625e-01
1.175562441349029541e-01
4.872608184814453125e-01
5.112361907958984375e-01
1.831647707149386406e-03
5.089550018310546875e-01
4.971351623535156250e-01
1.675726175308227539e-01
4.962139129638671875e-01
5.023136138916015625e-01
4.968318939208984375e-01
1.873223781585693359e-01
