1.017360000000000000e+06
1.069558000000000000e+06
1.106654000000000000e+06
1.126440000000000000e+05
1.161077000000000000e+06
1.199698000000000000e+06
1.256346000000000000e+06
1.267200000000000000e+04
1.303420000000000000e+05
1.435880000000000000e+05
1.635110000000000000e+05
1.782820000000000000e+05
1.887000000000000000e+04
2.004300000000000000e+05
2.238780000000000000e+05
2.410990000000000000e+05
2.416600000000000000e+04
2.667720000000000000e+05
2.855180000000000000e+05
3.134160000000000000e+05
3.258900000000000000e+04
3.426140000000000000e+05
3.638100000000000000e+05
3.952330000000000000e+05
3.941000000000000000e+04
4.179540000000000000e+05
4.516020000000000000e+05
4.865500000000000000e+05
4.928000000000000000e+03
5.005800000000000000e+04
5.117210000000000000e+05
5.488940000000000000e+05
5.755900000000000000e+05
6.149880000000000000e+05
6.200600000000000000e+04
6.556860000000000000e+05
6.848320000000000000e+05
7.127700000000000000e+04
7.277550000000000000e+05
7.584260000000000000e+05
7.774000000000000000e+03
8.035740000000000000e+05
8.500220000000000000e+05
8.545000000000000000e+04
8.831430000000000000e+05
9.318160000000000000e+05
9.664620000000000000e+05
9.624600000000000000e+04
