9.143309667706489563e-03
8.811235427856445312e-03
8.708868175745010376e-03
2.856258153915405273e-01
8.921884931623935699e-03
8.947796188294887543e-03
8.414892479777336121e-03
1.210587382316589355e+00
2.344368100166320801e-01
1.735621392726898193e-01
1.249129772186279297e-01
9.689267724752426147e-02
1.056694984436035156e+00
5.314685776829719543e-02
4.939591139554977417e-02
4.676693305373191833e-02
9.398592114448547363e-01
3.407827019691467285e-02
2.623233199119567871e-02
1.737557910382747650e-02
8.404265046119689941e-01
1.701656170189380646e-02
1.351997349411249161e-02
1.013515703380107880e-02
7.766044139862060547e-01
1.008101459592580795e-02
9.822187945246696472e-03
9.580710902810096741e-03
1.540358066558837891e+00
6.692624092102050781e-01
9.611749090254306793e-03
9.356156922876834869e-03
9.398460388183593750e-03
9.253547526895999908e-03
5.666834712028503418e-01
9.214905090630054474e-03
9.144691750407218933e-03
5.367131233215332031e-01
9.194117970764636993e-03
9.231301024556159973e-03
1.385596275329589844e+00
8.983816020190715790e-03
8.950171992182731628e-03
4.197202026844024658e-01
9.056482464075088501e-03
8.669925853610038757e-03
9.028299711644649506e-03
3.779858052730560303e-01
